5 0.8375 0.7671875 0.30390625 0.24609375
5 0.8765625 0.6109375 0.234375 0.2515625
5 0.9234375 0.4921875 0.14921875 0.19140625
5 0.6328125 0.52578125 0.140625 0.1
5 0.5796875 0.8734375 0.125 0.17578125
5 0.37578125 0.525 0.19375 0.19921875
5 0.46171875 0.478125 0.1390625 0.2015625
5 0.51171875 0.41328125 0.12890625 0.14453125
5 0.66328125 0.3609375 0.1828125 0.178125
5 0.6703125 0.40078125 0.1203125 0.12890625
5 0.840625 0.3015625 0.1625 0.1515625
5 0.896875 0.271875 0.09765625 0.14921875
5 0.98203125 0.2640625 0.0359375 0.09140625
5 0.78984375 0.84921875 0.4171875 0.3015625
5 0.3703125 0.87578125 0.3171875 0.24609375
5 0.24375 0.83515625 0.37265625 0.23828125
5 0.13046875 0.75625 0.1984375 0.31640625
5 0.2171875 0.63359375 0.0015625 0.00234375
5 0.14765625 0.61328125 0.228125 0.1109375
5 0.315625 0.4 0.16015625 0.0890625
5 0.20703125 0.36328125 0.11171875 0.10703125
5 0.29296875 0.3296875 0.10078125 0.1109375
5 0.36953125 0.28203125 0.0953125 0.06875
5 0.475 0.2984375 0.0796875 0.08203125
5 0.50703125 0.29921875 0.0765625 0.0265625
5 0.503125 0.259375 0.12109375 0.09140625
5 0.1671875 0.29609375 0.13203125 0.0734375
5 0.0609375 0.3484375 0.0796875 0.08203125
5 0.0796875 0.44453125 0.11171875 0.02890625