0 0.6046875 0.578125 0.08984375 0.03203125
0 0.60234375 0.71796875 0.05546875 0.03203125
0 0.8078125 0.54765625 0.09765625 0.034375
0 0.81328125 0.59296875 0.115625 0.04140625
0 0.8296875 0.69765625 0.1453125 0.03671875
0 0.21875 0.540625 0.09609375 0.0296875
0 0.321875 0.72265625 0.0640625 0.0609375
0 0.32109375 0.65546875 0.02265625 0.05625
0 0.2 0.590625 0.08359375 0.04609375
0 0.14296875 0.69921875 0.08203125 0.03203125
0 0.31328125 0.60234375 0.08671875 0.0515625
0 0.60859375 0.690625 0.12578125 0.31796875