0 0.21640625 0.27265625 0.1421875 0.1046875
0 0.14296875 0.603125 0.04375 0.08125
0 0.27109375 0.6046875 0.05390625 0.14765625
0 0.4859375 0.6046875 0.16484375 0.11328125
0 0.6265625 0.6421875 0.06171875 0.11015625
0 0.778125 0.640625 0.0796875 0.13359375
0 0.915625 0.61171875 0.103125 0.06953125
0 0.69453125 0.21015625 0.19296875 0.1015625
0 0.47734375 0.2421875 0.15 0.1015625
0 0.95 0.18125 0.1 0.078125
0 0.48515625 0.38125 0.16015625 0.115625
0 0.24765625 0.39296875 0.05859375 0.08984375
0 0.64140625 0.36640625 0.065625 0.11328125
0 0.946875 0.34375 0.08515625 0.1046875
0 0.81953125 0.44765625 0.09765625 0.2953125