1 0.2375 0.15390625 0.10234375 0.1390625
1 0.321875 0.1328125 0.08046875 0.14609375
1 0.425 0.096875 0.07265625 0.053125
1 0.44765625 0.1609375 0.0859375 0.10703125
1 0.5296875 0.1625 0.096875 0.140625
1 0.48515625 0.27109375 0.0953125 0.1859375
1 0.371875 0.20703125 0.08125 0.1515625
1 0.403125 0.3015625 0.10078125 0.12890625
1 0.44140625 0.459375 0.1171875 0.27890625
1 0.25625 0.26796875 0.08828125 0.1484375
1 0.13984375 0.34375 0.1609375 0.18046875
1 0.228125 0.4734375 0.159375 0.22109375
1 0.09375 0.609375 0.18515625 0.26953125
1 0.3109375 0.7203125 0.19296875 0.334375
1 0.6171875 0.41875 0.09609375 0.296875
1 0.6390625 0.325 0.1125 0.20546875
1 0.640625 0.221875 0.1125 0.14453125
1 0.6921875 0.190625 0.121875 0.134375
1 0.659375 0.109375 0.11640625 0.16640625
1 0.7390625 0.31328125 0.11015625 0.1859375
1 0.8328125 0.2921875 0.12578125 0.19609375
1 0.875 0.3984375 0.1125 0.16796875
1 0.79375 0.553125 0.11875 0.321875
1 0.9171875 0.53359375 0.11875 0.3265625